0 0.329750 0.535403 0.045344 0.071083
0 0.476270 0.632667 0.059898 0.081889
0 0.700043 0.537701 0.057023 0.058625
0 0.736105 0.518403 0.052773 0.050639
0 0.285625 0.625569 0.053938 0.103528
0 0.616543 0.497646 0.051570 0.059653
0 0.842543 0.615944 0.072773 0.069472
0 0.778332 0.642958 0.087617 0.117111
0 0.262273 0.898542 0.121719 0.191667
0 0.552844 0.472118 0.052297 0.055625
0 0.292566 0.503799 0.040148 0.049764
0 0.623305 0.679708 0.078016 0.101861
0 0.438078 0.582187 0.048578 0.062819
0 0.990824 0.642319 0.018023 0.057972
0 0.544266 0.582951 0.061375 0.088486
0 0.663637 0.472549 0.045914 0.041236
0 0.516723 0.430882 0.048805 0.040375
0 0.466219 0.447632 0.039625 0.032653
0 0.462594 0.518090 0.060406 0.067014
0 0.380680 0.512500 0.048328 0.061000
0 0.386238 0.479424 0.044945 0.032653
0 0.409195 0.450215 0.033828 0.029208
0 0.373676 0.446771 0.031414 0.042958
0 0.230652 0.471347 0.033992 0.035333
0 0.276453 0.465972 0.040328 0.030722
0 0.321246 0.451625 0.044070 0.040972
0 0.236410 0.441382 0.038602 0.034819
0 0.274148 0.438313 0.036875 0.032764
0 0.268961 0.415778 0.018437 0.016389
0 0.258578 0.403736 0.028250 0.030250
0 0.226617 0.407333 0.021312 0.026111
0 0.301082 0.404000 0.027367 0.025611
0 0.344578 0.421417 0.024484 0.022528
