0 0.745027 0.559569 0.055695 0.054778
0 0.396125 0.691528 0.059344 0.093444
0 0.659371 0.514181 0.059820 0.047861
0 0.240484 0.466326 0.041906 0.049708
0 0.502387 0.554028 0.049195 0.056472
0 0.267316 0.539250 0.040164 0.069194
0 0.620637 0.550562 0.052273 0.055542
0 0.866848 0.720812 0.096039 0.097514
0 0.428754 0.504639 0.046883 0.050417
0 0.368203 0.511590 0.048703 0.059681
0 0.439301 0.439847 0.033602 0.042139
0 0.347887 0.434264 0.035680 0.029111
0 0.361953 0.418549 0.025781 0.030097
0 0.222230 0.425931 0.031773 0.029222
0 0.218453 0.404889 0.029953 0.024083
0 0.560852 0.510090 0.048672 0.048569
0 0.289469 0.501903 0.037484 0.041806
0 0.227262 0.470313 0.069102 0.060264
0 0.697781 0.591556 0.142875 0.134139
0 0.779273 0.545604 0.044672 0.039958
