0 0.185926 0.383410 0.021852 0.017264
0 0.528711 0.726479 0.068359 0.103097
0 0.718422 0.604090 0.064609 0.080347
0 0.785410 0.561993 0.099039 0.095264
0 0.276934 0.604681 0.046836 0.076667
0 0.456922 0.587201 0.055906 0.070347
0 0.591023 0.523118 0.037328 0.045514
0 0.386320 0.626479 0.060344 0.094069
0 0.482926 0.471910 0.041492 0.029542
0 0.575605 0.480167 0.052039 0.051056
0 0.613719 0.476444 0.036594 0.034639
0 0.306184 0.413299 0.020102 0.019597
0 0.482750 0.459958 0.040453 0.051111
0 0.435973 0.934465 0.128664 0.131069
0 0.816508 0.924757 0.173578 0.150486
0 0.454180 0.516118 0.053406 0.062569
0 0.263004 0.545250 0.052195 0.056111
0 0.170148 0.394194 0.019422 0.030222
0 0.213848 0.399590 0.029133 0.028042
0 0.252688 0.395271 0.024281 0.023736
0 0.406844 0.431958 0.031563 0.041000
0 0.377105 0.437354 0.040055 0.038847
0 0.344938 0.493458 0.053406 0.064750
0 0.264824 0.476194 0.043695 0.056111
0 0.850078 0.562396 0.061766 0.079153
