0 0.308668 0.521285 0.039961 0.057486
0 0.467348 0.438743 0.040352 0.050375
0 0.628617 0.510549 0.052250 0.047597
0 0.703902 0.503556 0.056852 0.056694
0 0.920125 0.651618 0.100234 0.102764
0 0.766156 0.642278 0.077375 0.085111
0 0.498109 0.628722 0.066484 0.102194
0 0.597602 0.826569 0.094047 0.139778
0 0.258480 0.480062 0.041398 0.039347
0 0.237875 0.405257 0.014859 0.028958
0 0.219188 0.408660 0.017734 0.022153
0 0.263273 0.417187 0.020609 0.023847
0 0.298496 0.418458 0.032586 0.026417
0 0.348004 0.413264 0.032102 0.037472
0 0.252332 0.445090 0.038117 0.032069
0 0.667383 0.970410 0.135094 0.059181
0 0.544562 0.458875 0.044125 0.046639
0 0.531227 0.575722 0.062937 0.054194
0 0.375840 0.519215 0.040055 0.048764
0 0.382977 0.479215 0.038953 0.046819
0 0.332496 0.481174 0.041148 0.046819
0 0.198066 0.446056 0.030180 0.042917
0 0.648387 0.567181 0.056305 0.050750
0 0.417695 0.426007 0.041484 0.045903
0 0.409316 0.582924 0.053508 0.068403
0 0.824797 0.925014 0.050750 0.122083
0 0.390766 0.585007 0.090297 0.082125
0 0.369398 0.587653 0.046719 0.076750
0 0.443539 0.502944 0.049437 0.066778
0 0.401004 0.677424 0.060992 0.114903
0 0.657918 0.699174 0.088586 0.113542
0 0.544996 0.502125 0.044727 0.050056
