0 0.255469 0.405472 0.027031 0.028778
0 0.231219 0.395625 0.016625 0.019028
0 0.345633 0.409757 0.020734 0.022292
0 0.190367 0.394319 0.024594 0.024000
0 0.985582 0.636264 0.028383 0.087583
0 0.639145 0.561507 0.038602 0.050625
0 0.307414 0.529340 0.047016 0.072653
0 0.239656 0.521167 0.040266 0.063167
0 0.382117 0.624201 0.050766 0.077236
0 0.348059 0.492896 0.041555 0.048653
0 0.294336 0.463618 0.040547 0.047764
0 0.562281 0.492667 0.043234 0.042167
0 0.595371 0.641222 0.079852 0.097472
0 0.433844 0.896583 0.092781 0.192944
0 0.668086 0.521965 0.043828 0.044931
0 0.423809 0.421687 0.037070 0.034153
0 0.507133 0.464465 0.040359 0.037986
0 0.874926 0.697778 0.079148 0.081972
0 0.273965 0.839493 0.085648 0.135764
0 0.853082 0.942514 0.107055 0.108250
0 0.830715 0.612056 0.071617 0.062139
0 0.335391 0.426667 0.025312 0.031389
0 0.568309 0.448875 0.039211 0.036639
