0 0.255691 0.459444 0.034992 0.029500
0 0.325859 0.419722 0.032594 0.032194
0 0.385012 0.425458 0.022930 0.030722
0 0.364477 0.438181 0.040672 0.034694
0 0.430379 0.421951 0.037992 0.039514
0 0.515316 0.439153 0.048742 0.053528
0 0.249250 0.517542 0.050609 0.089972
0 0.595125 0.528715 0.048922 0.060597
0 0.722699 0.548438 0.064523 0.070153
0 0.342871 0.543014 0.040086 0.067778
0 0.353422 0.465382 0.048797 0.066292
0 0.440617 0.581764 0.052109 0.067083
0 0.447813 0.457743 0.046500 0.048264
0 0.626020 0.499549 0.052102 0.053181
0 0.491508 0.462472 0.038531 0.040222
0 0.532348 0.674667 0.070008 0.105194
0 0.499820 0.556868 0.065250 0.073042
0 0.839027 0.618604 0.091758 0.080875
0 0.290730 0.599687 0.079586 0.171875
0 0.971250 0.727639 0.057500 0.122222
0 0.836273 0.549840 0.081859 0.082069
0 0.174992 0.389729 0.024438 0.025208
0 0.208480 0.398576 0.037102 0.026819
0 0.244379 0.431826 0.041336 0.037542
0 0.285426 0.407222 0.029773 0.025000
