0 0.333816 0.486021 0.042555 0.046042
0 0.195688 0.386215 0.022063 0.025069
0 0.213512 0.404604 0.020164 0.019986
0 0.260277 0.408424 0.033711 0.026431
0 0.257613 0.486632 0.032914 0.034569
0 0.261727 0.455382 0.033656 0.034569
0 0.290148 0.438764 0.041891 0.031917
0 0.402531 0.415493 0.034781 0.035903
0 0.372051 0.474333 0.042633 0.048528
0 0.432453 0.571069 0.039266 0.063833
0 0.432211 0.510847 0.050422 0.061361
0 0.732262 0.797188 0.119227 0.187792
0 0.293238 0.778486 0.072430 0.150000
0 0.737738 0.492535 0.051555 0.051847
0 0.748547 0.577972 0.070609 0.064361
0 0.544289 0.733528 0.073797 0.110306
0 0.301063 0.596229 0.042797 0.074347
0 0.897281 0.460250 0.070922 0.064389
0 0.508844 0.566375 0.054641 0.063167
0 0.328020 0.541375 0.038570 0.062972
0 0.292254 0.506646 0.039008 0.062097
0 0.251699 0.551090 0.041086 0.049458
0 0.913605 0.577306 0.082945 0.086500
0 0.322051 0.417250 0.041477 0.034167
