0 0.409402 0.675194 0.059086 0.113833
0 0.340656 0.542938 0.051359 0.061986
0 0.850840 0.694007 0.089523 0.083181
0 0.521508 0.653722 0.071312 0.110250
0 0.267227 0.587076 0.047422 0.076542
0 0.700340 0.598917 0.066695 0.071306
0 0.243332 0.411451 0.032930 0.029764
0 0.265660 0.400292 0.021773 0.025306
0 0.715336 0.513646 0.055375 0.059792
0 0.456187 0.604014 0.051344 0.077194
0 0.774734 0.870417 0.118641 0.148306
0 0.313867 0.415049 0.029781 0.041597
0 0.366016 0.424792 0.040141 0.047306
0 0.246949 0.907264 0.098727 0.153556
0 0.877773 0.645674 0.082687 0.071264
0 0.237605 0.526208 0.043477 0.060722
0 0.268145 0.485722 0.054867 0.031278
0 0.228289 0.451681 0.037266 0.044167
0 0.424457 0.531729 0.056930 0.057042
0 0.492777 0.547368 0.044508 0.062569
0 0.677992 0.950792 0.131203 0.098417
0 0.601973 0.466625 0.041992 0.058528
0 0.483375 0.438833 0.066922 0.050278
0 0.443145 0.464326 0.039836 0.043208
0 0.374828 0.408382 0.029875 0.033292
0 0.213469 0.403514 0.019531 0.031750
0 0.576258 0.483083 0.050875 0.052889
0 0.284801 0.690958 0.060633 0.132806
