0 0.345117 0.432465 0.024437 0.023736
0 0.301590 0.420285 0.020070 0.023014
0 0.283625 0.403312 0.026859 0.024736
0 0.250777 0.404174 0.029773 0.025319
0 0.212430 0.391813 0.033328 0.032792
0 0.568805 0.522785 0.053234 0.042792
0 0.269273 0.946500 0.117313 0.107000
0 0.476773 0.962813 0.114125 0.074375
0 0.625211 0.875257 0.126891 0.177347
0 0.955594 0.604542 0.060469 0.071000
0 0.258871 0.546056 0.041852 0.098833
0 0.565293 0.478840 0.051898 0.052153
0 0.682031 0.497563 0.052500 0.052875
0 0.800590 0.506889 0.063258 0.047667
0 0.778430 0.655236 0.084578 0.071583
0 0.332496 0.536979 0.043039 0.062375
0 0.301055 0.650069 0.051656 0.093056
0 0.424316 0.566549 0.052336 0.080403
0 0.821996 0.559021 0.068773 0.055764
0 0.709703 0.551840 0.060687 0.062014
0 0.371027 0.512049 0.044695 0.046819
0 0.323941 0.474458 0.044695 0.053917
0 0.276059 0.483681 0.041492 0.052500
0 0.392277 0.428319 0.032523 0.029750
0 0.364258 0.413438 0.023422 0.023292
