0 0.979398 0.580125 0.041125 0.071694
0 0.663152 0.476292 0.043758 0.030861
0 0.282738 0.782111 0.078508 0.169556
0 0.936516 0.692208 0.085641 0.076556
0 0.447281 0.573403 0.053781 0.065833
0 0.610254 0.474090 0.050336 0.051625
0 0.596523 0.529813 0.038641 0.048931
0 0.397578 0.657521 0.069687 0.137236
0 0.929129 0.608486 0.083602 0.075306
0 0.676910 0.580743 0.062211 0.066819
0 0.522504 0.693181 0.066523 0.116250
0 0.682719 0.721694 0.086203 0.128083
0 0.811191 0.676153 0.085023 0.082917
0 0.287234 0.635764 0.052141 0.067194
0 0.273223 0.587681 0.043664 0.054444
0 0.329594 0.551188 0.046922 0.071819
0 0.340996 0.488049 0.047570 0.056764
0 0.391832 0.444604 0.028023 0.034764
0 0.445918 0.466035 0.035836 0.045181
0 0.499031 0.479361 0.049531 0.048667
0 0.545297 0.576674 0.078203 0.097319
0 0.235098 0.526278 0.039102 0.042861
0 0.200562 0.478201 0.026062 0.046347
0 0.242594 0.470090 0.042359 0.039403
0 0.262797 0.445181 0.046266 0.045194
0 0.213598 0.434757 0.036492 0.038236
0 0.266383 0.409847 0.024766 0.027806
0 0.312648 0.417375 0.033891 0.035917
0 0.238684 0.401736 0.030633 0.034750
0 0.189156 0.394208 0.021500 0.035917
0 0.377820 0.412160 0.035188 0.041708
0 0.472641 0.426646 0.042359 0.045181
0 0.536836 0.439972 0.044297 0.044028
0 0.677898 0.960028 0.130547 0.079944
