0 0.323359 0.528701 0.047531 0.065181
0 0.485969 0.465896 0.033969 0.041542
0 0.313727 0.476069 0.040453 0.041556
0 0.206738 0.395472 0.035336 0.038028
0 0.274852 0.405806 0.028359 0.033889
0 0.304605 0.401264 0.029289 0.023139
0 0.323879 0.423576 0.029805 0.028097
0 0.383398 0.483090 0.043672 0.047931
0 0.262996 0.543424 0.042773 0.056208
0 0.615168 0.508451 0.050523 0.057097
0 0.825617 0.553174 0.072453 0.071042
0 0.765852 0.602361 0.068687 0.075500
0 0.559059 0.775174 0.082117 0.124764
0 0.835090 0.689382 0.090305 0.084542
0 0.555629 0.460847 0.035242 0.038972
0 0.282715 0.652715 0.056102 0.099875
0 0.502848 0.649896 0.069930 0.107847
0 0.245195 0.468882 0.037844 0.045958
0 0.352063 0.438153 0.024984 0.019639
0 0.396699 0.429840 0.020930 0.020986
0 0.629242 0.470278 0.055578 0.053889
0 0.432391 0.947639 0.127141 0.104722
0 0.241102 0.935306 0.089000 0.129389
0 0.971680 0.717688 0.056641 0.099014
0 0.458730 0.475382 0.036211 0.037014
