0 0.432332 0.438431 0.031555 0.049639
0 0.326355 0.416861 0.034852 0.035861
0 0.237512 0.531215 0.044914 0.058264
0 0.275145 0.489139 0.040055 0.047472
0 0.308523 0.468646 0.041266 0.049625
0 0.372246 0.617535 0.052195 0.092792
0 0.477258 0.612139 0.063141 0.094944
0 0.267859 0.411458 0.025484 0.038833
0 0.395309 0.449222 0.040055 0.045306
0 0.194422 0.394194 0.014563 0.021583
0 0.238730 0.408222 0.020633 0.032361
0 0.462691 0.949444 0.114289 0.095083
0 0.772852 0.652861 0.078312 0.090583
0 0.965617 0.707667 0.064375 0.065278
0 0.686523 0.742688 0.090188 0.116347
0 0.271941 0.832722 0.080508 0.161889
0 0.275813 0.707993 0.062688 0.101264
0 0.608117 0.889674 0.110719 0.182292
0 0.497332 0.481389 0.042758 0.038750
0 0.768801 0.568944 0.067367 0.067306
0 0.814422 0.519597 0.059906 0.057917
0 0.762918 0.409319 0.037430 0.050444
0 0.538367 0.471201 0.017859 0.025181
0 0.635223 0.557438 0.058961 0.051931
0 0.597414 0.450299 0.038844 0.051792
